773913893499306005
296634360126504962
666693614956576801
968606203909386290
494133492725055518
809527430666387466
701127487727337512
893100282576257034
980863526853804152
718752797545201717
601131120335257601
573962297840762891
778363686716440586
981911371694350387
526130992713564181
998532080789098506
1095102776712900798
890595536611188798
127751936937033728
1020778236638142576
816027341704658955
680383904812761098
889148039829266453
738786100222492804
813163199624904705
782131916999491594
693088673805238323
224808360644444160
790228084557217802
769132048026828800
984810480570867712
800808023618355211
584701977502547991
1021163904438640721
1095699754035458225
1068901421539393576
1020767016543592469
917172307183698022
751627715018227784
402124262955155457
703919301291409428
701826087969357864
756763563200086057
